0 0.06 0.24 0.56 0.52 0.2 0 0
0 0.22 0.64 0.74 0.76 0.76 0.26 0
0.06 0.42 0.72 0.34 0.24 0.6 0.54 0.04
0.06 0.48 0.54 0.1 0.26 0.3 0.54 0.04
0.06 0.54 0.52 0.12 0.26 0.34 0.58 0.08
0.04 0.48 0.6 0.3 0.4 0.46 0.44 0.02
0.02 0.28 0.68 0.54 0.58 0.58 0.3 0
0 0.02 0.26 0.5 0.44 0.2 0.02 0
0 0 0 0.48 0.06 0 0 0
0 0 0.02 0.86 0.14 0 0 0
0 0 0.08 0.88 0.2 0 0 0
0 0 0.04 0.86 0.2 0 0 0
0 0 0.02 0.84 0.22 0.02 0 0
0 0 0.02 0.84 0.26 0.04 0 0
0 0 0.02 0.72 0.28 0.02 0 0
0 0 0 0.44 0.18 0.02 0 0
0 0.02 0.18 0.34 0.32 0.06 0 0
0.02 0.3 0.72 0.76 0.84 0.42 0.04 0
0.04 0.52 0.7 0.3 0.6 0.54 0.06 0
0 0.08 0.08 0.04 0.54 0.56 0.08 0
0 0 0.04 0.28 0.66 0.52 0.04 0
0 0.08 0.34 0.66 0.9 0.54 0.08 0.02
0.02 0.42 0.74 0.76 0.7 0.56 0.5 0.2
0.02 0.12 0.16 0.2 0.2 0.2 0.22 0.12
0 0.02 0.18 0.38 0.38 0.16 0 0
0 0.26 0.8 0.76 0.7 0.54 0.1 0
0 0.3 0.48 0.28 0.52 0.6 0.12 0
0 0.08 0.28 0.58 0.78 0.68 0.1 0
0 0.04 0.4 0.82 0.92 0.8 0.08 0
0.04 0.16 0.32 0.3 0.48 0.72 0.34 0
0.14 0.52 0.52 0.38 0.46 0.58 0.28 0
0.02 0.28 0.52 0.56 0.54 0.38 0.04 0
0 0 0.02 0.44 0.32 0.04 0 0
0 0.04 0.46 0.9 0.64 0.08 0 0
0.02 0.1 0.94 0.72 0.74 0.08 0 0
0.02 0.62 0.94 0.56 0.82 0.36 0.2 0.08
0.1 0.58 0.64 0.78 0.82 0.58 0.48 0.12
0.06 0.16 0.16 0.46 0.68 0.18 0.12 0.02
0.02 0.02 0.04 0.32 0.58 0.06 0.02 0.02
0 0.02 0.04 0.26 0.46 0.1 0.02 0
0 0.08 0.38 0.22 0.2 0.18 0.22 0.1
0 0.2 0.84 0.8 0.76 0.62 0.36 0.16
0 0.2 0.82 0.32 0.22 0.1 0.12 0
0 0.2 0.94 0.74 0.66 0.4 0.06 0
0 0.08 0.52 0.54 0.6 0.72 0.28 0.02
0 0.26 0.36 0.26 0.34 0.56 0.42 0.02
0 0.34 0.62 0.6 0.64 0.62 0.32 0
0.02 0.14 0.22 0.3 0.26 0.14 0.04 0
0 0.06 0.2 0.36 0.44 0.1 0 0
0.02 0.26 0.66 0.74 0.8 0.42 0 0
0.1 0.5 0.78 0.36 0.12 0.16 0.02 0
0.12 0.6 0.9 0.64 0.54 0.28 0.02 0.02
0.16 0.62 0.64 0.56 0.72 0.68 0.08 0.02
0.1 0.56 0.7 0.34 0.5 0.62 0.08 0.04
0.02 0.32 0.72 0.7 0.72 0.48 0.08 0.04
0 0.02 0.2 0.34 0.32 0.12 0.04 0
0 0.08 0.26 0.2 0.14 0.1 0.04 0
0 0.2 0.88 0.78 0.8 0.66 0.28 0
0 0.14 0.76 0.22 0.38 0.7 0.16 0
0 0.08 0.76 0.12 0.36 0.72 0.04 0
0 0.02 0.28 0.02 0.56 0.68 0 0
0 0 0.04 0.06 0.7 0.5 0 0
0 0 0.02 0.08 0.66 0.32 0 0
0 0 0.02 0.08 0.44 0.1 0 0
0 0.08 0.44 0.7 0.68 0.32 0 0
0 0.32 0.84 0.66 0.88 0.56 0.02 0
0 0.38 0.9 0.44 0.88 0.5 0.02 0
0 0.24 0.94 0.96 0.94 0.26 0.02 0
0 0.24 0.78 0.66 0.86 0.7 0.02 0
0.02 0.42 0.72 0.24 0.42 0.78 0.14 0
0 0.38 0.8 0.42 0.56 0.66 0.14 0
0 0.1 0.54 0.62 0.66 0.42 0.02 0
0 0.04 0.22 0.5 0.4 0 0 0
0.02 0.26 0.84 0.96 0.9 0.42 0 0
0.06 0.64 0.82 0.4 0.76 0.46 0 0
0.08 0.54 0.72 0.82 0.88 0.46 0 0
0.02 0.22 0.4 0.64 0.84 0.28 0 0
0 0 0.04 0.24 0.62 0.24 0 0
0 0 0.04 0.24 0.6 0.26 0.02 0
0 0 0.02 0.14 0.42 0.1 0.02 0
